2 0.610367 0.154101 0.068948 0.060185
2 0.715154 0.605159 0.068700 0.056878
0 0.731523 0.687831 0.058780 0.054233
0 0.675223 0.285714 0.056300 0.049603
0 0.573165 0.250331 0.053075 0.044974
6 0.433408 0.314980 0.080109 0.045304
7 0.341518 0.572090 0.062996 0.033069
1 0.340898 0.436673 0.046379 0.030093
1 0.443576 0.249669 0.055308 0.037698
1 0.527530 0.273644 0.054067 0.040675
1 0.698165 0.368386 0.062004 0.040344
6 0.697173 0.438327 0.077877 0.057209
4 0.632316 0.392361 0.083581 0.046627
3 0.632937 0.447917 0.066468 0.046627
1 0.582217 0.698413 0.055308 0.054233
1 0.505456 0.420966 0.050595 0.040344
5 0.570312 0.322586 0.072173 0.041997
3 0.451885 0.713459 0.065476 0.057209
11 0.549479 0.630787 0.097966 0.063161
0 0.518477 0.632937 0.051835 0.043651
4 0.534846 0.411872 0.073165 0.046627
4 0.631820 0.389550 0.080109 0.043651
10 0.528646 0.480985 0.096974 0.052579
8 0.590650 0.539848 0.083581 0.052579
7 0.429315 0.581019 0.074405 0.044974