0 0.590030 0.174603 0.062004 0.088624
0 0.523438 0.409722 0.064236 0.066138
0 0.363963 0.330026 0.072173 0.066138
0 0.242808 0.242063 0.079861 0.061508
2 0.520709 0.065476 0.085565 0.111111
2 0.122272 0.178241 0.091270 0.072090
4 0.177455 0.144345 0.095982 0.097553
6 0.223090 0.139220 0.114831 0.099206
6 0.425471 0.094907 0.097966 0.109788
8 0.413566 0.405919 0.110367 0.085648
4 0.297991 0.509755 0.089038 0.073743
10 0.207341 0.324735 0.144345 0.082672
5 0.237227 0.413360 0.089038 0.076720
1 0.602431 0.614253 0.057540 0.069114
11 0.498140 0.636739 0.114831 0.078373
3 0.597346 0.855489 0.081101 0.103836
7 0.429439 0.841931 0.096974 0.094577
7 0.373140 0.612765 0.096974 0.066138
1 0.298115 0.596065 0.070933 0.053902
1 0.183160 0.516534 0.080109 0.054233
1 0.364087 0.717758 0.083333 0.069114
1 0.240575 0.710317 0.077877 0.056878
1 0.130084 0.692956 0.082093 0.058532
3 0.175843 0.787698 0.094742 0.076720