1 0.363467 0.359127 0.053819 0.042989
1 0.408234 0.346892 0.055060 0.044312
1 0.453993 0.326720 0.053819 0.041667
1 0.500868 0.310847 0.050843 0.050265
1 0.549479 0.297288 0.052827 0.048942
1 0.605035 0.275794 0.051835 0.048942
1 0.664807 0.266369 0.054812 0.055886
1 0.732267 0.240410 0.058284 0.064815
0 0.383929 0.702050 0.058036 0.041667
0 0.427083 0.701224 0.056052 0.043320
0 0.468006 0.696925 0.051587 0.045966
0 0.522941 0.696263 0.053819 0.038690
0 0.573661 0.703538 0.049603 0.044643
0 0.629712 0.691964 0.056052 0.050595
0 0.695437 0.690476 0.056052 0.050265
0 0.761781 0.696925 0.052827 0.045966
2 0.772073 0.776620 0.060516 0.070437
2 0.377976 0.773975 0.063492 0.053241
3 0.718254 0.148313 0.062500 0.073743
3 0.354787 0.291501 0.073165 0.051918
5 0.655134 0.159888 0.059276 0.090939
5 0.396329 0.261409 0.072421 0.069114
7 0.434648 0.245536 0.077629 0.051918
7 0.586062 0.185681 0.069940 0.067791
11 0.475074 0.233300 0.102431 0.064484
9 0.533234 0.203538 0.091766 0.075066
4 0.696677 0.791997 0.062500 0.074735
4 0.425967 0.784061 0.064732 0.064815
6 0.461558 0.776786 0.073413 0.056217
10 0.504712 0.778935 0.097222 0.071759
8 0.561260 0.793981 0.087302 0.076058
6 0.635665 0.782407 0.069940 0.073413