0 0.972842 0.239749 0.047371 0.072090
0 0.637401 0.244378 0.050595 0.062831
0 0.510045 0.186508 0.052827 0.058862
0 0.415303 0.630622 0.055308 0.048280
0 0.678447 0.705853 0.051835 0.059854
1 0.654886 0.348876 0.056300 0.055556
1 0.445685 0.206019 0.057540 0.055556
1 0.408606 0.372189 0.055308 0.057209
1 0.332465 0.157242 0.063244 0.063161
1 0.163938 0.370536 0.057540 0.036045
1 0.493180 0.710317 0.055308 0.060185
2 0.665551 0.614253 0.064236 0.069114
2 0.564112 0.076058 0.071181 0.083995
5 0.503720 0.275132 0.078869 0.055556
6 0.321181 0.231647 0.092262 0.064484
6 0.662202 0.423280 0.059524 0.060185
11 0.461558 0.635913 0.095734 0.088624
3 0.324653 0.727679 0.074405 0.064484
7 0.298611 0.561508 0.092262 0.060185
7 0.163938 0.541997 0.082341 0.042328
8 0.521205 0.526951 0.084573 0.072421
4 0.453001 0.371362 0.081101 0.061508
4 0.573165 0.356481 0.070933 0.049603
3 0.571429 0.427745 0.065476 0.069114
10 0.445188 0.451885 0.103671 0.063161