2 0.548363 0.136905 0.079861 0.076720
2 0.645833 0.763062 0.078869 0.075066
0 0.510045 0.172123 0.064236 0.057209
0 0.527034 0.334656 0.062004 0.039021
0 0.494792 0.425430 0.061012 0.052579
0 0.550595 0.500000 0.066468 0.054233
0 0.562500 0.593750 0.058532 0.040675
6 0.610987 0.571263 0.096974 0.064484
0 0.590650 0.762235 0.063244 0.064815
0 0.472222 0.702877 0.062996 0.047950
4 0.562996 0.217262 0.091270 0.072090
6 0.569692 0.298446 0.091270 0.078373
10 0.455357 0.348876 0.120040 0.064153
0 0.431424 0.300926 0.061260 0.038360
4 0.395709 0.470403 0.083085 0.046627
5 0.428199 0.382110 0.086062 0.043320
1 0.385665 0.331349 0.055060 0.045635
5 0.339906 0.282407 0.084573 0.042328
1 0.305308 0.305721 0.063492 0.041336
3 0.275174 0.384755 0.069692 0.048611
1 0.316220 0.435681 0.059028 0.041336
1 0.424355 0.615575 0.065972 0.045304
1 0.429315 0.698247 0.063492 0.051918
1 0.397941 0.795966 0.062748 0.056878
11 0.315476 0.652778 0.110119 0.060185
3 0.314360 0.807209 0.072173 0.060847
7 0.360491 0.572751 0.091518 0.046296
9 0.267857 0.515377 0.104663 0.055886