0 0.683780 0.211806 0.061012 0.077050
0 0.600570 0.220073 0.068204 0.079696
0 0.526786 0.231151 0.062996 0.077381
0 0.455481 0.238095 0.071181 0.066138
0 0.389757 0.242063 0.070188 0.068783
0 0.327257 0.260747 0.069196 0.061839
0 0.269469 0.262070 0.067212 0.059193
0 0.218254 0.262235 0.074405 0.050926
2 0.685888 0.094081 0.077629 0.106151
2 0.210565 0.181548 0.083829 0.071429
4 0.594990 0.096065 0.073413 0.121362
4 0.262649 0.158896 0.086806 0.092262
6 0.310268 0.157407 0.109623 0.086640
6 0.517981 0.120205 0.094990 0.103505
10 0.434276 0.127149 0.125992 0.106151
8 0.374876 0.129134 0.114831 0.118717
1 0.681176 0.785053 0.057788 0.082672
1 0.590278 0.761739 0.062004 0.074405
1 0.514385 0.756779 0.064980 0.064484
1 0.438864 0.740245 0.071181 0.073082
1 0.382564 0.729167 0.066220 0.067460
1 0.316964 0.724372 0.071429 0.055225
1 0.266369 0.707837 0.073413 0.063161
1 0.208953 0.698909 0.072173 0.053902
3 0.673983 0.900132 0.078621 0.114418
3 0.205357 0.793320 0.089782 0.071429
5 0.254464 0.812665 0.086806 0.093585
5 0.589286 0.897983 0.065972 0.118717
7 0.504960 0.870370 0.087798 0.099206
7 0.305680 0.824405 0.106399 0.081349
11 0.417659 0.853836 0.122024 0.096561
9 0.353175 0.842758 0.112599 0.107474