10 0.060020 0.467593 0.119544 0.040344
1 0.091766 0.396991 0.069940 0.040675
1 0.077629 0.518022 0.050595 0.036045
1 0.964162 0.690807 0.071677 0.138228
0 0.959821 0.537533 0.065476 0.084325
8 0.948289 0.262566 0.103423 0.129630
2 0.451885 0.396164 0.091270 0.072090
2 0.327257 0.608135 0.092510 0.075397
0 0.133929 0.526290 0.032738 0.085648
7 0.057416 0.565972 0.089038 0.041997
0 0.150918 0.633598 0.026042 0.066138
4 0.118180 0.675099 0.048363 0.106812
6 0.110367 0.723214 0.070933 0.109788
6 0.108135 0.786376 0.070933 0.076720