2 0.576513 0.105324 0.084573 0.085648
2 0.652654 0.710317 0.081101 0.089947
6 0.629464 0.593915 0.091270 0.067460
6 0.594494 0.293981 0.091270 0.081349
2 0.591270 0.203042 0.091270 0.073413
0 0.542659 0.324901 0.062004 0.058532
0 0.492560 0.517196 0.067460 0.052910
2 0.591766 0.795304 0.062996 0.067460
2 0.463170 0.715608 0.063244 0.058862
8 0.439484 0.608135 0.103671 0.069444
4 0.380952 0.454034 0.085813 0.049603
5 0.423735 0.361607 0.088046 0.045304
10 0.460441 0.330026 0.113839 0.075397
0 0.428323 0.272156 0.065476 0.043651
1 0.374628 0.296958 0.059772 0.054233
1 0.277158 0.253307 0.067708 0.044974
1 0.286830 0.404597 0.068700 0.046627
1 0.343130 0.466766 0.059772 0.041997
1 0.298611 0.548115 0.067460 0.041997
7 0.337054 0.565972 0.094742 0.051257
1 0.372520 0.805060 0.070933 0.059854
3 0.274430 0.805060 0.077629 0.063161
11 0.330729 0.723876 0.113839 0.075397
7 0.249628 0.644180 0.100446 0.056878
3 0.241691 0.343585 0.077629 0.048280