2 0.675099 0.130952 0.083333 0.088624
2 0.339782 0.288856 0.064484 0.046627
6 0.547867 0.185847 0.094742 0.072090
4 0.373016 0.256448 0.069940 0.063161
6 0.404638 0.251819 0.090030 0.057209
8 0.446925 0.218915 0.111607 0.078042
0 0.683532 0.228671 0.066468 0.064484
0 0.637897 0.433036 0.065476 0.055886
0 0.564732 0.272983 0.061012 0.057209
0 0.509921 0.291667 0.066468 0.049603
0 0.465526 0.380456 0.061012 0.046627
0 0.421999 0.324735 0.064236 0.043651
0 0.350446 0.345073 0.061012 0.036045
10 0.397197 0.396825 0.113839 0.055556
5 0.423239 0.463790 0.073165 0.057209
4 0.469990 0.536872 0.074405 0.052579
1 0.568576 0.518849 0.064236 0.049603
1 0.634053 0.517196 0.068700 0.049603
1 0.709449 0.604993 0.064236 0.063161
1 0.393973 0.544974 0.064236 0.039021
5 0.353919 0.605159 0.078869 0.044974
1 0.474454 0.602017 0.058532 0.041997
7 0.521825 0.611938 0.094742 0.052579
1 0.359003 0.689980 0.064236 0.046627
1 0.435516 0.699074 0.062004 0.046296
11 0.564112 0.709656 0.113839 0.067460
9 0.463170 0.792328 0.110367 0.070767
7 0.575397 0.804233 0.093750 0.070767
3 0.714658 0.814815 0.085565 0.082672
3 0.391121 0.762897 0.074405 0.054233