0 0.707217 0.277447 0.068700 0.054233
0 0.652034 0.288029 0.066468 0.050926
0 0.610243 0.301422 0.059772 0.047950
0 0.562996 0.309689 0.062004 0.046627
0 0.526290 0.318122 0.058532 0.044974
0 0.493056 0.327712 0.057540 0.043651
0 0.461062 0.333829 0.049603 0.043320
0 0.433408 0.339120 0.055308 0.041997
2 0.707341 0.186508 0.077877 0.070767
2 0.430060 0.281911 0.062004 0.045304
4 0.648065 0.195602 0.074405 0.073743
4 0.456473 0.263062 0.067708 0.058532
6 0.478423 0.259425 0.079861 0.047950
6 0.598586 0.221726 0.092510 0.057209
8 0.511161 0.239087 0.093750 0.061508
10 0.546627 0.235450 0.112599 0.060185
1 0.422619 0.638062 0.056548 0.030093
1 0.451761 0.644511 0.053323 0.033069
1 0.479663 0.661210 0.054067 0.040675
1 0.517361 0.662698 0.054563 0.040344
1 0.548859 0.676091 0.062004 0.041997
1 0.593254 0.689153 0.062996 0.048280
1 0.642237 0.695271 0.063740 0.050595
1 0.698413 0.711806 0.066964 0.055225
3 0.690104 0.797619 0.083581 0.066799
3 0.414931 0.702381 0.062004 0.041005
5 0.441468 0.716931 0.067956 0.054233
5 0.633929 0.785714 0.077381 0.074074
7 0.579861 0.768022 0.087302 0.055886
7 0.466518 0.725529 0.083829 0.040344
9 0.492188 0.740906 0.099950 0.051918
11 0.528274 0.749669 0.109127 0.053571