2 0.604167 0.050926 0.085813 0.101190
2 0.665551 0.784722 0.075645 0.115741
4 0.615947 0.159392 0.093502 0.109788
6 0.625000 0.275132 0.077877 0.103836
6 0.646949 0.639054 0.081101 0.079696
0 0.583209 0.870370 0.068700 0.094577
0 0.415923 0.769015 0.074405 0.075066
0 0.469990 0.526290 0.071925 0.067791
0 0.543899 0.304563 0.066468 0.072090
10 0.447421 0.297123 0.124008 0.102183
0 0.399058 0.221065 0.074405 0.061839
8 0.396701 0.639716 0.117312 0.096230
4 0.323413 0.441138 0.106151 0.066138
5 0.387773 0.332341 0.105903 0.064815
1 0.323537 0.239087 0.072173 0.070767
1 0.190476 0.172950 0.083333 0.067460
1 0.193204 0.360946 0.077877 0.058532
1 0.288566 0.865906 0.081101 0.079696
11 0.243428 0.771164 0.142113 0.109788
3 0.157738 0.864418 0.103671 0.085979
7 0.133433 0.662202 0.125000 0.075066
7 0.256448 0.566799 0.111607 0.064815
1 0.205109 0.544974 0.083333 0.050926
3 0.136285 0.275132 0.101438 0.067460