1 0.658978 0.812665 0.052579 0.088294
1 0.567584 0.791997 0.066220 0.080026
1 0.484995 0.785053 0.068204 0.071429
1 0.407862 0.771991 0.077629 0.078373
1 0.346850 0.762235 0.069196 0.067460
1 0.278274 0.753968 0.076389 0.064815
1 0.224950 0.740245 0.071429 0.064484
1 0.161954 0.731978 0.077381 0.053902
0 0.657490 0.224206 0.060020 0.080026
0 0.572297 0.239418 0.067212 0.085317
0 0.494172 0.242725 0.064236 0.081349
0 0.418651 0.251157 0.074405 0.070437
0 0.349454 0.251157 0.072421 0.070437
0 0.284474 0.269015 0.074405 0.064484
0 0.223462 0.273148 0.074405 0.062169
0 0.165055 0.275298 0.081597 0.060516
3 0.651290 0.930390 0.072421 0.114087
3 0.156374 0.823578 0.093006 0.079696
2 0.657986 0.104332 0.073413 0.112765
2 0.155754 0.185516 0.089782 0.066138
4 0.566592 0.103671 0.070188 0.125331
4 0.214162 0.160880 0.096974 0.090939
6 0.263145 0.162864 0.110615 0.086971
6 0.486483 0.129134 0.092014 0.104828
8 0.333457 0.137401 0.118800 0.110119
10 0.394965 0.136078 0.121776 0.107474
5 0.211558 0.850529 0.091766 0.100529
5 0.565600 0.933036 0.068204 0.125331
7 0.473958 0.909722 0.085813 0.114418
7 0.266245 0.857308 0.104415 0.089616
11 0.385169 0.890542 0.125000 0.117063
9 0.320561 0.878803 0.119792 0.121362