8 0.394965 0.205357 0.104911 0.087302
2 0.645957 0.130126 0.076637 0.084325
0 0.650422 0.228505 0.060764 0.070767
0 0.602431 0.433036 0.057540 0.052579
0 0.522941 0.270668 0.058780 0.058532
0 0.463294 0.283399 0.058532 0.054233
0 0.362227 0.311343 0.064236 0.046627
0 0.411954 0.375165 0.062004 0.051257
0 0.312624 0.462467 0.039435 0.030093
0 0.277778 0.333168 0.066468 0.041997
6 0.344370 0.235284 0.089038 0.069114
4 0.308780 0.242890 0.074405 0.069114
2 0.264757 0.269180 0.072173 0.049603
6 0.508309 0.176091 0.083581 0.079696
10 0.338046 0.386409 0.112599 0.055886
4 0.418031 0.534557 0.072173 0.057209
5 0.366195 0.459325 0.072173 0.054233
5 0.282738 0.610284 0.074405 0.052579
1 0.328001 0.544974 0.063244 0.042328
1 0.526910 0.521825 0.057292 0.049603
1 0.597346 0.523975 0.056300 0.053902
1 0.676835 0.609623 0.057540 0.057209
1 0.421007 0.608135 0.055308 0.048280
1 0.377604 0.708829 0.060764 0.041997
1 0.289062 0.700562 0.064236 0.055886
1 0.476190 0.708829 0.064484 0.053902
11 0.528026 0.717097 0.100198 0.064484
7 0.480655 0.617063 0.082341 0.054233
7 0.536458 0.813327 0.085813 0.076389
9 0.413690 0.804233 0.103671 0.076720
3 0.327381 0.775794 0.073413 0.061508
3 0.679812 0.817130 0.071925 0.083995