3 0.930432 0.424769 0.092510 0.174272
1 0.264261 0.559193 0.031498 0.055556
1 0.239335 0.689319 0.024802 0.053902
1 0.394345 0.868221 0.082341 0.053902
1 0.516121 0.250992 0.082341 0.049603
2 0.560640 0.313492 0.105903 0.087302
0 0.525174 0.770503 0.093502 0.066138
9 0.402282 0.767361 0.149802 0.063161
3 0.577133 0.535218 0.111607 0.073743
11 0.438988 0.553241 0.157738 0.064815
5 0.391617 0.671958 0.099206 0.061508
4 0.428199 0.481151 0.104911 0.064815
6 0.354415 0.500000 0.112599 0.033069
6 0.419271 0.315807 0.113839 0.070767