1 0.395709 0.319610 0.053819 0.038690
1 0.431920 0.306713 0.050843 0.036045
1 0.469122 0.290840 0.051835 0.044643
1 0.507937 0.270668 0.051587 0.047288
1 0.549975 0.259755 0.056300 0.045966
1 0.597966 0.233962 0.057044 0.045966
1 0.646949 0.224537 0.053819 0.050265
1 0.705357 0.200231 0.056052 0.055886
3 0.389261 0.258433 0.058284 0.048611
3 0.694444 0.118717 0.068948 0.072090
5 0.637897 0.130456 0.061508 0.083664
5 0.424355 0.233962 0.063492 0.063161
7 0.453993 0.219246 0.078621 0.053571
7 0.581721 0.159061 0.078621 0.067460
11 0.485491 0.203042 0.098462 0.063492
9 0.533110 0.174603 0.092014 0.074735
0 0.409722 0.628968 0.053571 0.036376
0 0.442460 0.627976 0.049603 0.034392
0 0.479911 0.620866 0.052579 0.038029
0 0.520213 0.623347 0.050347 0.039021
0 0.564236 0.626488 0.051091 0.045304
0 0.613095 0.615906 0.055556 0.045966
0 0.667535 0.612930 0.056300 0.045966
0 0.726190 0.618882 0.061012 0.047950
2 0.730035 0.694114 0.069196 0.057540
2 0.395833 0.694775 0.043155 0.039021
4 0.666419 0.703373 0.066964 0.058862
4 0.440724 0.700562 0.059028 0.053241
6 0.597346 0.701224 0.047371 0.037368
6 0.452381 0.691964 0.035714 0.044643
10 0.479291 0.694775 0.057292 0.050265
8 0.548735 0.701885 0.088046 0.063161