3 0.249628 0.287202 0.078125 0.051257
3 0.510541 0.113591 0.085565 0.081019
1 0.525794 0.204530 0.073413 0.064484
1 0.473338 0.237599 0.072173 0.058532
1 0.429936 0.248843 0.071181 0.045304
1 0.386037 0.279762 0.071181 0.049603
1 0.352183 0.293981 0.068948 0.048280
1 0.316592 0.313492 0.067708 0.039021
1 0.283978 0.334491 0.061012 0.036045
1 0.255208 0.351025 0.062004 0.041997
5 0.463170 0.128638 0.088046 0.078042
5 0.271577 0.256448 0.076885 0.063161
7 0.405630 0.167659 0.101438 0.066138
7 0.294643 0.236111 0.095734 0.046296
9 0.357887 0.189649 0.120536 0.079696
11 0.318328 0.220403 0.125248 0.057209
0 0.560764 0.669808 0.073413 0.057209
0 0.507192 0.666832 0.067460 0.047950
0 0.456473 0.666667 0.067708 0.054233
0 0.413070 0.677249 0.064236 0.050926
0 0.375868 0.675761 0.068700 0.039352
0 0.337550 0.677910 0.062004 0.043651
0 0.307044 0.682540 0.062004 0.049603
0 0.275546 0.686343 0.055060 0.045304
2 0.562500 0.750827 0.090278 0.075066
2 0.254588 0.760747 0.031498 0.037368
4 0.507192 0.765873 0.083333 0.078042
4 0.307664 0.756118 0.076637 0.067791
6 0.308780 0.755456 0.058532 0.053902
10 0.326761 0.758433 0.088046 0.063161
8 0.393353 0.765873 0.112599 0.078042
6 0.432788 0.769841 0.061012 0.049603