0 0.684276 0.258598 0.062004 0.068783
0 0.615575 0.269015 0.062996 0.064484
0 0.552579 0.279927 0.059028 0.056548
0 0.493676 0.286872 0.063244 0.053902
0 0.440972 0.288360 0.064980 0.053571
0 0.390377 0.305556 0.062996 0.052249
0 0.345362 0.308862 0.055804 0.048280
0 0.302951 0.310351 0.068204 0.042659
1 0.680804 0.765046 0.062996 0.067791
1 0.605903 0.743717 0.062004 0.060847
1 0.539187 0.735450 0.061012 0.052249
1 0.480283 0.720403 0.065228 0.057870
1 0.433780 0.709987 0.059028 0.053571
1 0.379464 0.706515 0.062004 0.046627
1 0.337178 0.687831 0.066220 0.048280
1 0.295883 0.678902 0.062004 0.044312
2 0.686880 0.153935 0.079613 0.088294
2 0.295759 0.244213 0.070188 0.051257
4 0.338666 0.222222 0.077629 0.067460
4 0.610987 0.158730 0.070188 0.095238
6 0.541791 0.183036 0.091022 0.074405
6 0.373760 0.220238 0.102183 0.066138
8 0.423487 0.199405 0.104415 0.087963
10 0.471478 0.193122 0.115575 0.081349
3 0.289062 0.757440 0.079613 0.052579
3 0.672991 0.864914 0.076637 0.088294
5 0.600198 0.860946 0.073413 0.090939
5 0.325645 0.776124 0.074405 0.070106
7 0.368676 0.785714 0.092014 0.056217
7 0.526786 0.836144 0.085813 0.074405
9 0.405754 0.807705 0.100198 0.078373
11 0.456473 0.816634 0.118800 0.088294