1 0.394097 0.174272 0.061508 0.053571
1 0.395709 0.255622 0.060268 0.048942
1 0.392485 0.323909 0.053819 0.038690
1 0.395709 0.402943 0.058284 0.041997
1 0.395709 0.474868 0.060268 0.035714
1 0.395213 0.545966 0.057292 0.042989
1 0.399554 0.622189 0.055060 0.043320
1 0.396825 0.701389 0.060516 0.048942
3 0.354787 0.690642 0.069196 0.053241
3 0.350446 0.186508 0.073413 0.054894
5 0.343006 0.258433 0.079861 0.045966
5 0.343998 0.617890 0.073413 0.043320
7 0.340154 0.335483 0.083085 0.044643
7 0.332093 0.547454 0.066964 0.037368
9 0.334945 0.475529 0.102431 0.048942
11 0.331597 0.399306 0.091766 0.045966
0 0.652406 0.745866 0.056300 0.057209
0 0.656250 0.654431 0.055060 0.050265
0 0.650174 0.566799 0.058284 0.056217
0 0.648065 0.478505 0.051587 0.048942
0 0.652902 0.390708 0.046379 0.054563
0 0.650794 0.298776 0.059524 0.054563
0 0.653522 0.203869 0.056052 0.060516
0 0.655630 0.110615 0.060268 0.061839
2 0.713294 0.086310 0.074405 0.087963
2 0.713294 0.767361 0.069940 0.077712
4 0.713914 0.190642 0.082093 0.083664
4 0.711186 0.658896 0.076637 0.067791
6 0.713294 0.573909 0.078869 0.061839
6 0.711682 0.280589 0.077629 0.070437
8 0.711186 0.390873 0.087550 0.074735
10 0.700397 0.480489 0.100198 0.064815