2 0.660962 0.785549 0.086806 0.075066
2 0.560764 0.185020 0.077877 0.061839
0 0.526290 0.217923 0.069940 0.049603
0 0.608631 0.781746 0.062996 0.061508
6 0.624504 0.599868 0.099206 0.058862
0 0.582713 0.623843 0.063244 0.034722
0 0.570933 0.532903 0.066468 0.047950
0 0.508309 0.731316 0.063244 0.051257
0 0.517361 0.463128 0.061012 0.040675
4 0.431672 0.504464 0.081101 0.041997
8 0.592882 0.430060 0.108383 0.064484
6 0.580481 0.342758 0.092510 0.067791
4 0.575397 0.262401 0.086806 0.063161
0 0.545015 0.373677 0.064236 0.039021
0 0.459821 0.348214 0.061012 0.033069
10 0.483011 0.387235 0.125248 0.054233
5 0.457589 0.420139 0.081349 0.036045
5 0.376984 0.330853 0.079861 0.037368
1 0.348834 0.352679 0.059772 0.041997
1 0.359499 0.474372 0.056300 0.039352
1 0.459325 0.642030 0.062004 0.046627
1 0.467138 0.720899 0.064236 0.048280
1 0.438368 0.817130 0.063244 0.048280
3 0.365203 0.826720 0.072173 0.055556
3 0.324529 0.426918 0.065228 0.055556
7 0.399554 0.606316 0.089286 0.043320
7 0.361483 0.681713 0.109375 0.058532
9 0.318700 0.554563 0.098710 0.049603