1 0.965030 0.271329 0.069940 0.116733
8 0.927703 0.371528 0.137649 0.184854
0 0.943452 0.567460 0.049603 0.066138
0 0.548239 0.336144 0.059772 0.057209
0 0.578745 0.610284 0.059772 0.052579
0 0.427207 0.632937 0.067708 0.058862
0 0.349950 0.459325 0.068948 0.056878
3 0.948661 0.516700 0.102679 0.099537
1 0.090526 0.434524 0.062004 0.043651
10 0.058656 0.504630 0.116815 0.048280
3 0.114335 0.593915 0.046131 0.094577
1 0.075893 0.554729 0.057540 0.034722
7 0.064112 0.602844 0.092510 0.040344
4 0.121652 0.699901 0.065228 0.108135
1 0.156002 0.737434 0.062004 0.050926