0 0.889881 0.266204 0.053075 0.067460
0 0.549975 0.242890 0.051835 0.069114
0 0.587798 0.751653 0.053075 0.076720
0 0.290179 0.663029 0.066468 0.061508
0 0.412450 0.170635 0.062996 0.072090
7 0.151538 0.582507 0.111607 0.069114
1 0.204489 0.115079 0.075645 0.072090
1 0.338666 0.183532 0.064236 0.067460
1 0.292411 0.373677 0.070933 0.056878
1 0.570312 0.357143 0.056300 0.056878
1 0.380952 0.759921 0.069940 0.075397
3 0.179191 0.773479 0.092510 0.081349
3 0.479043 0.440642 0.065228 0.058532
11 0.348214 0.674272 0.110615 0.105159
2 0.576513 0.647156 0.066716 0.072090
8 0.419271 0.551091 0.092510 0.075066
10 0.331349 0.460813 0.115079 0.072421
6 0.576017 0.438327 0.063244 0.069114
4 0.479663 0.367560 0.082341 0.069114
4 0.342014 0.371362 0.091270 0.070767
6 0.185888 0.204530 0.103919 0.085648
2 0.473338 0.051257 0.076637 0.097884
5 0.402902 0.266865 0.082093 0.066138