2 0.608631 0.145172 0.090278 0.081349
2 0.690352 0.735946 0.095982 0.084325
0 0.640253 0.822255 0.072173 0.064484
0 0.543279 0.544974 0.069692 0.056878
0 0.518973 0.743386 0.068700 0.050926
0 0.582093 0.360946 0.070933 0.052579
0 0.485863 0.320271 0.069940 0.040675
4 0.623388 0.232308 0.096974 0.078373
6 0.625620 0.324074 0.105903 0.075397
10 0.506572 0.370536 0.125248 0.069114
5 0.478547 0.400628 0.089038 0.047950
1 0.360119 0.313492 0.062004 0.042328
3 0.331845 0.399306 0.073413 0.041997
1 0.368552 0.449570 0.061012 0.040675
4 0.445685 0.493056 0.082341 0.055556
6 0.663318 0.617890 0.106895 0.064484
8 0.492560 0.636739 0.110615 0.075066
7 0.406250 0.599041 0.095734 0.047950
7 0.335813 0.675761 0.090278 0.057209
11 0.401290 0.744213 0.119544 0.070437
3 0.360119 0.828373 0.075397 0.058862
1 0.439608 0.828373 0.072173 0.049603