2 0.578249 0.064815 0.081101 0.094577
2 0.661086 0.759921 0.077629 0.087302
0 0.533730 0.103175 0.066468 0.072090
0 0.435516 0.236111 0.066468 0.046296
0 0.544395 0.286541 0.065476 0.057209
0 0.501612 0.382606 0.063244 0.050926
0 0.565848 0.468254 0.063244 0.054233
0 0.571429 0.569940 0.058532 0.046627
0 0.464906 0.684689 0.066716 0.057209
0 0.596230 0.750992 0.065476 0.060185
6 0.633433 0.552414 0.085813 0.063161
6 0.599702 0.246528 0.083333 0.091601
4 0.593998 0.160218 0.090278 0.081019
10 0.463790 0.292493 0.118552 0.081019
4 0.383681 0.427083 0.086806 0.052579
5 0.424851 0.330026 0.087798 0.056878
1 0.374752 0.266865 0.062004 0.054233
5 0.325149 0.206019 0.091270 0.058862
1 0.348214 0.437500 0.065476 0.040344
1 0.411334 0.586475 0.065228 0.046627
1 0.413070 0.673611 0.064236 0.055556
1 0.371280 0.776455 0.066468 0.056878
1 0.288442 0.377480 0.065476 0.046627
1 0.279514 0.229332 0.069940 0.051257
3 0.243924 0.317295 0.080109 0.058532
3 0.276166 0.779597 0.076637 0.063161
11 0.283730 0.616071 0.114583 0.058862
7 0.337922 0.534888 0.094494 0.055886
9 0.233383 0.465774 0.113095 0.055886