2 0.595610 0.098710 0.072173 0.096230
2 0.185764 0.236111 0.082341 0.061508
4 0.234871 0.201554 0.083333 0.079696
6 0.273810 0.196263 0.100198 0.075066
6 0.453125 0.143684 0.086806 0.086971
8 0.328497 0.164848 0.105903 0.096230
0 0.198289 0.298446 0.068700 0.045304
0 0.600694 0.200893 0.057540 0.069114
0 0.549975 0.412037 0.059772 0.055556
0 0.466642 0.236111 0.059772 0.070767
0 0.405630 0.249669 0.064236 0.058862
0 0.293527 0.281911 0.067708 0.053902
0 0.345982 0.348049 0.066468 0.057209
0 0.246156 0.443452 0.054315 0.043651
4 0.353175 0.515708 0.078869 0.061839
10 0.266493 0.354167 0.121776 0.060185
5 0.296379 0.433697 0.077877 0.063161
1 0.472718 0.499173 0.058532 0.052579
1 0.545015 0.500000 0.051835 0.054233
1 0.627728 0.586310 0.053075 0.058862
1 0.254712 0.529927 0.066468 0.047950
1 0.356027 0.599868 0.064236 0.049603
7 0.424231 0.602183 0.081101 0.060185
5 0.204985 0.596065 0.084573 0.051257
11 0.472222 0.699735 0.100198 0.078042
1 0.414807 0.698247 0.059772 0.057209
1 0.305928 0.699901 0.067708 0.051257
1 0.208953 0.691634 0.067708 0.052579
3 0.631076 0.800595 0.068700 0.087302
3 0.251736 0.776455 0.078869 0.056878
9 0.349330 0.800595 0.106895 0.083995
7 0.482267 0.801422 0.084573 0.079696