0 0.680804 0.241402 0.062996 0.078704
0 0.602803 0.251819 0.068204 0.077050
0 0.533978 0.262070 0.062996 0.073082
0 0.466890 0.268353 0.069196 0.063161
0 0.407862 0.273148 0.065228 0.067460
0 0.351066 0.288194 0.065228 0.056548
0 0.296751 0.293155 0.066220 0.055225
0 0.249256 0.296627 0.065972 0.053571
2 0.681796 0.128472 0.077381 0.100860
2 0.244172 0.217427 0.078621 0.057870
4 0.598586 0.135913 0.072173 0.099206
4 0.291047 0.194610 0.081597 0.084325
6 0.523189 0.158069 0.093006 0.087963
6 0.334077 0.193122 0.101190 0.081349
10 0.446181 0.167659 0.114583 0.096561
8 0.391369 0.169808 0.108631 0.094907
1 0.677083 0.784226 0.058036 0.075728
1 0.593874 0.763062 0.058780 0.071759
1 0.522569 0.756779 0.062996 0.059193
1 0.455977 0.744378 0.070188 0.064815
1 0.402778 0.731316 0.061012 0.060516
1 0.344866 0.728505 0.073165 0.052249
1 0.295759 0.711971 0.066220 0.054894
1 0.241071 0.700397 0.062004 0.048280
3 0.671503 0.893849 0.079613 0.099206
3 0.236359 0.787864 0.079365 0.060516
5 0.590898 0.893849 0.069196 0.110450
5 0.284350 0.805721 0.078621 0.085648
7 0.329861 0.816138 0.099206 0.067460
7 0.511781 0.863591 0.084573 0.093585
9 0.373760 0.835317 0.102183 0.097884
11 0.433160 0.844907 0.119792 0.086640