3 0.786210 0.873347 0.084325 0.070767
3 0.648189 0.439815 0.072173 0.048280
1 0.621652 0.354167 0.052827 0.039021
0 0.675099 0.096230 0.049603 0.049603
0 0.822917 0.345073 0.065476 0.053902
0 0.742188 0.692295 0.064236 0.045304
0 0.583829 0.361607 0.056548 0.041997
6 0.648686 0.342097 0.089038 0.051257
2 0.756944 0.348049 0.075397 0.063161
4 0.615947 0.423280 0.068700 0.054233
2 0.510045 0.417163 0.059772 0.041997
5 0.568080 0.487269 0.065228 0.052579
8 0.677455 0.505126 0.101438 0.058532
10 0.619296 0.580357 0.107143 0.055556
7 0.730407 0.595403 0.106151 0.058532
1 0.808656 0.592427 0.059772 0.058532
1 0.599578 0.625331 0.056300 0.037698
1 0.493552 0.664517 0.049603 0.028770
1 0.534350 0.548776 0.051835 0.034722
6 0.511657 0.689980 0.085813 0.040675
7 0.667287 0.824570 0.092510 0.057209