0 0.609127 0.228671 0.062004 0.079696
0 0.521825 0.706515 0.069940 0.073743
0 0.224206 0.267030 0.081349 0.063161
0 0.149306 0.451058 0.053075 0.058862
5 0.215774 0.465278 0.098214 0.072090
1 0.299231 0.249669 0.077629 0.067460
6 0.349330 0.230820 0.112847 0.089947
2 0.516245 0.236772 0.083581 0.105159
2 0.096230 0.353340 0.102679 0.058532
4 0.294767 0.354167 0.080109 0.083995
3 0.350570 0.375827 0.092510 0.073743
8 0.418651 0.463790 0.111607 0.081019
1 0.608631 0.564484 0.054067 0.066138
1 0.288442 0.655423 0.078869 0.061508
1 0.162822 0.556217 0.077629 0.055556
1 0.096850 0.742725 0.085565 0.067460
4 0.285094 0.566138 0.090030 0.078042
10 0.333581 0.575066 0.139881 0.083995
6 0.138021 0.771991 0.125248 0.092923
5 0.428199 0.924603 0.096974 0.121693
3 0.607763 0.938657 0.076141 0.122685