0 0.730407 0.266204 0.061012 0.070767
0 0.644717 0.682540 0.069692 0.064815
0 0.415303 0.307540 0.059772 0.050926
1 0.475074 0.288029 0.064236 0.048280
6 0.511657 0.275959 0.094742 0.069114
2 0.650918 0.278108 0.080109 0.076720
2 0.318824 0.375165 0.076637 0.047950
4 0.459325 0.376653 0.048611 0.062831
3 0.510045 0.397817 0.077629 0.066138
5 0.405134 0.463128 0.077629 0.058532
8 0.559648 0.469742 0.100446 0.069114
1 0.720734 0.566799 0.062004 0.061508
11 0.637401 0.573413 0.098214 0.066138
1 0.453745 0.628472 0.064236 0.046627
1 0.362351 0.539021 0.066468 0.050926
1 0.311012 0.684854 0.062996 0.044974
6 0.339782 0.716435 0.100198 0.069114
10 0.490203 0.561508 0.117312 0.066138
4 0.453621 0.550265 0.073413 0.064815