1 0.182168 0.602183 0.077629 0.057540
1 0.184896 0.705688 0.078621 0.066138
1 0.181176 0.815476 0.079613 0.082011
1 0.180680 0.501488 0.085069 0.054563
1 0.185516 0.408069 0.079861 0.057540
1 0.181176 0.296627 0.079613 0.058862
1 0.189856 0.204365 0.082093 0.070767
1 0.189236 0.094246 0.085317 0.083333
0 0.573661 0.069114 0.060516 0.099206
0 0.567212 0.182870 0.056052 0.085317
0 0.564484 0.298776 0.055060 0.063161
0 0.569816 0.412368 0.052827 0.066138
0 0.563988 0.520172 0.054067 0.066138
0 0.561384 0.635913 0.052827 0.076058
0 0.562376 0.740906 0.050843 0.084987
0 0.560268 0.853671 0.055060 0.088955
3 0.113219 0.813492 0.101438 0.089286
3 0.114831 0.097718 0.104663 0.096230
2 0.647569 0.053902 0.065972 0.106481
2 0.641121 0.879464 0.057044 0.112103
4 0.640501 0.748677 0.064732 0.100529
4 0.650794 0.177083 0.072421 0.102183
5 0.094370 0.195106 0.104415 0.063492
5 0.096602 0.701224 0.115327 0.069114
7 0.097718 0.307374 0.124008 0.069114
7 0.093378 0.602844 0.121776 0.064815
6 0.645833 0.641700 0.056052 0.079034
6 0.648686 0.284226 0.057292 0.094907
11 0.084697 0.499173 0.143601 0.070437
9 0.087426 0.398644 0.138145 0.070437
8 0.652406 0.414517 0.064732 0.087632
10 0.641617 0.526620 0.066964 0.087632