1 0.401166 0.705522 0.058284 0.037368
1 0.405506 0.632937 0.068948 0.033069
1 0.403274 0.566138 0.054067 0.034392
1 0.406622 0.496362 0.051835 0.039021
1 0.408730 0.434524 0.056052 0.039021
1 0.410838 0.365575 0.053819 0.036045
1 0.413566 0.304563 0.061260 0.040344
1 0.414559 0.236276 0.052827 0.044643
3 0.375868 0.242560 0.063740 0.051918
3 0.367188 0.696263 0.061260 0.047288
5 0.360119 0.627149 0.066964 0.038690
5 0.360119 0.305225 0.056052 0.030423
7 0.360739 0.373512 0.076637 0.037368
7 0.352059 0.564815 0.065724 0.025794
9 0.348338 0.430225 0.075645 0.030423
11 0.348834 0.497024 0.083085 0.040344
0 0.624876 0.182209 0.063740 0.054894
0 0.617312 0.267030 0.057044 0.045966
0 0.615203 0.349702 0.059276 0.047288
0 0.599082 0.427414 0.020585 0.027447
0 0.609747 0.594081 0.052827 0.044643
0 0.610367 0.675430 0.054067 0.045966
0 0.607143 0.758102 0.056052 0.050595
2 0.661458 0.782573 0.074405 0.076389
2 0.668031 0.162698 0.076637 0.064815
4 0.668651 0.254134 0.081845 0.060516
4 0.657242 0.681878 0.080853 0.052910
6 0.655134 0.604332 0.089534 0.053241
6 0.660466 0.336806 0.085317 0.061839
8 0.660466 0.433201 0.098214 0.058862
10 0.643849 0.515046 0.123016 0.053241