2 0.522445 0.082672 0.080109 0.088624
4 0.537078 0.187335 0.089038 0.090278
6 0.541543 0.281911 0.089038 0.090278
0 0.485119 0.314319 0.062004 0.058532
0 0.431052 0.511905 0.066468 0.056878
0 0.397197 0.721561 0.068700 0.067460
6 0.575893 0.596065 0.090278 0.063161
2 0.598586 0.717923 0.081101 0.093254
2 0.534722 0.799769 0.066468 0.073743
8 0.374132 0.608135 0.110367 0.072090
4 0.311012 0.445767 0.092262 0.060185
5 0.357887 0.348049 0.095734 0.051257
0 0.363467 0.250496 0.059772 0.041997
10 0.400670 0.315807 0.122768 0.088624
1 0.305928 0.276620 0.071181 0.058532
1 0.201141 0.231481 0.075397 0.055556
1 0.208457 0.390873 0.067708 0.049603
7 0.262525 0.560681 0.105903 0.052579
1 0.298611 0.816964 0.074405 0.063161
11 0.254092 0.729828 0.125248 0.087302
7 0.165055 0.646495 0.102431 0.049603
3 0.193328 0.816303 0.089038 0.076389
1 0.220238 0.547288 0.073413 0.049603
3 0.159350 0.320933 0.089038 0.057209