2 0.580977 0.084325 0.069692 0.109788
2 0.114211 0.200066 0.096974 0.067460
4 0.171751 0.169312 0.088046 0.093254
4 0.303075 0.525463 0.077877 0.069444
6 0.214038 0.161706 0.109127 0.089947
6 0.423735 0.115906 0.082093 0.100860
8 0.283978 0.136243 0.111607 0.126323
0 0.525670 0.421627 0.056300 0.060185
0 0.584325 0.195602 0.054067 0.079696
0 0.437748 0.223380 0.058532 0.078373
0 0.365079 0.239087 0.068948 0.064815
0 0.295263 0.339782 0.068700 0.052579
0 0.176215 0.444279 0.056300 0.051257
5 0.237103 0.434524 0.083333 0.067460
10 0.206101 0.345734 0.131944 0.073743
0 0.239335 0.264716 0.074405 0.061839
0 0.124380 0.273644 0.076637 0.052579
5 0.123884 0.613426 0.093502 0.058862
11 0.437252 0.734458 0.098214 0.087302
9 0.293527 0.841931 0.112847 0.100529
7 0.444568 0.845569 0.085565 0.093254
3 0.608011 0.845569 0.067708 0.099206
3 0.179688 0.811177 0.085565 0.072090
1 0.371280 0.729167 0.074405 0.061508
1 0.243924 0.729167 0.072173 0.055556
1 0.127728 0.716270 0.074405 0.054233
1 0.605779 0.613426 0.042907 0.055556
1 0.518353 0.511905 0.057540 0.050926
1 0.437748 0.513558 0.065476 0.060185
7 0.378100 0.621693 0.090030 0.066138
1 0.304812 0.614087 0.065476 0.060185
1 0.184152 0.536706 0.072173 0.049603