2 0.622768 0.157077 0.082341 0.072090
2 0.355531 0.266865 0.068700 0.044974
4 0.388269 0.239087 0.071181 0.061508
6 0.415303 0.236111 0.089038 0.055556
6 0.551091 0.187169 0.094742 0.066138
0 0.676835 0.240575 0.070933 0.061839
0 0.430060 0.309028 0.062004 0.051257
0 0.511037 0.377315 0.064236 0.049603
0 0.625000 0.438327 0.070933 0.053902
10 0.401786 0.378142 0.116071 0.057209
8 0.537078 0.436012 0.109375 0.061839
5 0.424851 0.443618 0.074405 0.052579
4 0.464906 0.519511 0.075645 0.054233
1 0.394469 0.520999 0.056300 0.041997
1 0.467758 0.583995 0.061012 0.044974
7 0.508805 0.599868 0.089038 0.046296
11 0.593998 0.625496 0.119544 0.058532
0 0.684772 0.612765 0.068948 0.060185
0 0.360119 0.656250 0.057540 0.045304
0 0.429439 0.675099 0.060764 0.046627
0 0.509425 0.685681 0.065476 0.052579
3 0.678571 0.813327 0.085813 0.079696
3 0.387153 0.728340 0.070933 0.051257
7 0.548363 0.786872 0.093750 0.063161