2 0.665055 0.056548 0.083581 0.105159
2 0.733879 0.761409 0.074405 0.108135
6 0.715278 0.624669 0.082341 0.075397
6 0.686508 0.275959 0.078869 0.096230
4 0.679067 0.171462 0.091270 0.097553
0 0.611483 0.306713 0.064236 0.064484
0 0.546131 0.521660 0.070933 0.064484
0 0.497024 0.747189 0.067460 0.073743
0 0.473338 0.237599 0.067708 0.055886
10 0.519097 0.305886 0.116071 0.093254
8 0.479539 0.626819 0.104911 0.079696
4 0.410838 0.444940 0.095982 0.058532
5 0.466518 0.340608 0.094742 0.060185
1 0.408606 0.260913 0.068700 0.062831
1 0.290179 0.208333 0.073413 0.060185
0 0.656622 0.843419 0.068700 0.085648
7 0.353299 0.566799 0.097966 0.061508
1 0.304812 0.542824 0.073413 0.040675
1 0.293527 0.374339 0.068700 0.049603
3 0.242808 0.302910 0.086806 0.060185
7 0.243924 0.650959 0.109375 0.061839
1 0.384301 0.838128 0.072173 0.072421
11 0.342510 0.744874 0.124008 0.096230
3 0.268229 0.832837 0.088046 0.073743
9 0.101811 0.711806 0.109375 0.057209
0 0.150298 0.756283 0.066468 0.043651
1 0.037078 0.853175 0.063244 0.044974
1 0.118800 0.929729 0.062004 0.051257