0 0.652158 0.205192 0.064236 0.075066
0 0.587798 0.431548 0.064484 0.061508
0 0.438368 0.359458 0.067708 0.061508
0 0.329117 0.275298 0.069940 0.058532
1 0.666667 0.630622 0.057540 0.060185
1 0.436136 0.725364 0.076637 0.059854
1 0.378100 0.609623 0.066716 0.057209
1 0.276166 0.527612 0.067708 0.046627
1 0.324033 0.712632 0.073165 0.055556
1 0.224826 0.694610 0.073165 0.058532
3 0.659970 0.865245 0.079861 0.096230
3 0.267733 0.781746 0.089038 0.070767
10 0.296379 0.353340 0.130952 0.064484
5 0.323413 0.430060 0.083333 0.067791
4 0.376984 0.523975 0.082341 0.059854
8 0.485119 0.429233 0.107143 0.072090
2 0.586062 0.104663 0.078869 0.096230
6 0.494792 0.133102 0.094742 0.096230
6 0.308780 0.183366 0.103671 0.079696
4 0.269345 0.190311 0.081349 0.081019
2 0.219122 0.218915 0.077629 0.066138
7 0.440228 0.624008 0.095734 0.064815
11 0.562376 0.648644 0.110367 0.075066
7 0.499876 0.843419 0.093502 0.085648