1 0.259797 0.301587 0.064732 0.051587
1 0.313244 0.295139 0.057044 0.053241
1 0.367188 0.274967 0.057292 0.055886
1 0.421131 0.257110 0.057044 0.060516
1 0.478795 0.249008 0.058284 0.058862
1 0.544519 0.223876 0.051835 0.066138
1 0.607143 0.216766 0.054067 0.071759
1 0.683160 0.192956 0.046379 0.073743
3 0.252356 0.231151 0.075645 0.066138
3 0.668031 0.094246 0.065724 0.091931
5 0.602803 0.103671 0.066716 0.110780
5 0.301959 0.197090 0.079613 0.079365
7 0.347842 0.184358 0.085069 0.073743
7 0.527778 0.130291 0.074405 0.092593
11 0.397817 0.171958 0.105655 0.086640
9 0.461558 0.139716 0.092758 0.090939
0 0.710565 0.683366 0.049603 0.061839
0 0.636161 0.683366 0.056052 0.053241
0 0.567708 0.681878 0.055060 0.052910
0 0.503100 0.691138 0.065724 0.057540
0 0.443700 0.690476 0.061508 0.050265
0 0.380084 0.692626 0.063740 0.054563
0 0.332093 0.696263 0.062500 0.050595
0 0.279886 0.700562 0.059276 0.044643
2 0.276042 0.779762 0.073413 0.058862
2 0.719246 0.770999 0.056052 0.079034
4 0.642733 0.787533 0.060268 0.083664
4 0.331597 0.787533 0.072421 0.071759
6 0.374256 0.782573 0.086310 0.067791
6 0.572669 0.779762 0.066964 0.082011
10 0.424355 0.781911 0.106647 0.069114
8 0.485367 0.793320 0.105655 0.089286