7 0.297495 0.550265 0.100446 0.058862
7 0.518973 0.597553 0.103919 0.066138
0 0.927703 0.545139 0.059772 0.069114
3 0.952877 0.490575 0.094246 0.086310
3 0.203373 0.646329 0.033730 0.079696
1 0.117560 0.611111 0.054067 0.042328
1 0.109251 0.656250 0.055308 0.036045
1 0.068576 0.650959 0.034970 0.061839
1 0.028026 0.802745 0.034722 0.073743
8 0.161086 0.766038 0.048363 0.081019
0 0.197669 0.791501 0.024802 0.072421
6 0.146329 0.859788 0.041667 0.109788
4 0.179191 0.891369 0.059772 0.046627
4 0.185268 0.934358 0.054067 0.036045