1 0.155258 0.279927 0.068948 0.060516
1 0.216766 0.273479 0.064484 0.056217
1 0.278150 0.257110 0.064732 0.063161
1 0.339658 0.241898 0.058284 0.061839
1 0.400050 0.239087 0.060516 0.067460
1 0.470114 0.220403 0.053819 0.067791
1 0.534970 0.214451 0.049603 0.070437
1 0.611359 0.198743 0.049603 0.079365
3 0.603299 0.099868 0.059276 0.097884
3 0.149926 0.199405 0.086062 0.078042
5 0.207589 0.164848 0.085317 0.086310
5 0.533234 0.100033 0.061508 0.109458
7 0.455605 0.117229 0.069940 0.094907
7 0.259921 0.157573 0.088294 0.083664
11 0.315476 0.146991 0.113095 0.099537
9 0.384425 0.121693 0.091766 0.097884
0 0.172619 0.701885 0.068948 0.053241
0 0.228547 0.707011 0.064732 0.057540
0 0.284722 0.698413 0.068948 0.060185
0 0.349950 0.702050 0.065972 0.047619
0 0.411458 0.708499 0.055060 0.060516
0 0.484251 0.694940 0.060268 0.053241
0 0.555928 0.695602 0.050843 0.060516
0 0.627108 0.697751 0.046379 0.058862
2 0.633557 0.791832 0.057292 0.088955
2 0.165551 0.794808 0.087550 0.060516
4 0.225942 0.805556 0.074405 0.082011
4 0.553199 0.810681 0.058284 0.094907
6 0.484747 0.798280 0.065724 0.082011
6 0.274926 0.795470 0.084077 0.070437
10 0.328869 0.799769 0.116567 0.084987
8 0.402778 0.811343 0.093750 0.096230