2 0.361235 0.291832 0.064236 0.040675
2 0.679688 0.205192 0.076637 0.069114
0 0.679067 0.297619 0.066468 0.055556
0 0.621652 0.307540 0.064236 0.050926
0 0.568080 0.318783 0.058780 0.049603
0 0.520709 0.324901 0.058780 0.046627
0 0.475074 0.329200 0.055308 0.046627
0 0.436136 0.343585 0.058780 0.048280
0 0.401290 0.350364 0.054067 0.046627
0 0.366195 0.351190 0.056300 0.039021
4 0.393849 0.272156 0.070933 0.061508
4 0.613715 0.213459 0.068700 0.079696
6 0.557416 0.235284 0.089038 0.063161
6 0.421503 0.266038 0.085565 0.052579
8 0.460317 0.248181 0.091270 0.067791
10 0.500992 0.246032 0.104663 0.066138
1 0.673983 0.756944 0.060764 0.060185
1 0.610367 0.736772 0.062004 0.049603
1 0.554563 0.726852 0.061012 0.044974
1 0.503224 0.715608 0.062004 0.043651
1 0.465526 0.702216 0.061012 0.046627
1 0.423239 0.695933 0.055308 0.046627
1 0.391741 0.681052 0.059772 0.040675
1 0.356771 0.673446 0.059772 0.034722
3 0.668403 0.849372 0.083333 0.076389
3 0.348214 0.739583 0.061012 0.040675
5 0.602431 0.841104 0.073413 0.078373
5 0.379836 0.760582 0.067708 0.055556
7 0.541047 0.814815 0.088046 0.061508
7 0.411334 0.770503 0.081101 0.050926
9 0.442336 0.789352 0.100446 0.061508
11 0.481895 0.795304 0.111607 0.064815