2 0.600198 0.128638 0.077877 0.087302
2 0.268105 0.235284 0.074405 0.057209
4 0.311012 0.209821 0.081349 0.075066
4 0.408482 0.526124 0.082341 0.061508
6 0.347222 0.203042 0.099206 0.073413
6 0.516121 0.158069 0.099206 0.082672
0 0.661086 0.224868 0.068700 0.072090
0 0.363467 0.290179 0.068700 0.058532
0 0.463294 0.367725 0.065476 0.054233
0 0.601811 0.436839 0.067708 0.060185
8 0.503224 0.434524 0.107143 0.067460
10 0.333581 0.366237 0.119544 0.063161
5 0.358383 0.441138 0.081349 0.066138
1 0.320064 0.529101 0.069692 0.043651
1 0.275546 0.677249 0.070933 0.050926
1 0.361731 0.697421 0.065228 0.049603
1 0.670015 0.628472 0.059772 0.061839
1 0.408482 0.601356 0.066468 0.046627
7 0.466022 0.620040 0.091270 0.060185
11 0.573661 0.644345 0.115079 0.069114
1 0.461558 0.711144 0.073413 0.052579
7 0.517361 0.825397 0.094742 0.082672
3 0.308780 0.759259 0.081349 0.067460
3 0.663318 0.846396 0.084573 0.091601