0 0.670883 0.276620 0.061012 0.057870
0 0.608011 0.286210 0.067212 0.057870
0 0.552207 0.297288 0.056796 0.052249
0 0.499380 0.305556 0.065228 0.052249
0 0.453497 0.308366 0.057788 0.052579
0 0.411086 0.320767 0.059772 0.046958
0 0.368676 0.324901 0.053819 0.046627
0 0.331473 0.326224 0.057788 0.043981
1 0.664807 0.747851 0.056796 0.057870
1 0.598214 0.731978 0.062004 0.056548
1 0.539187 0.719742 0.062004 0.056548
1 0.482391 0.705853 0.060020 0.051257
1 0.443576 0.694775 0.058780 0.045635
1 0.397197 0.687996 0.054812 0.042659
1 0.361483 0.676918 0.055804 0.045635
1 0.321181 0.667163 0.060020 0.042659
2 0.671007 0.185020 0.081597 0.084325
2 0.324777 0.260747 0.060764 0.053902
3 0.654886 0.842923 0.080605 0.080026
3 0.315476 0.735450 0.069444 0.046958
4 0.362599 0.243552 0.074405 0.063161
4 0.603299 0.187004 0.068204 0.088294
5 0.591394 0.834656 0.073165 0.080026
5 0.352679 0.755456 0.075397 0.067791
7 0.525794 0.809854 0.084821 0.068783
7 0.384177 0.766369 0.089782 0.052579
9 0.418279 0.784392 0.102431 0.072090
11 0.462426 0.792163 0.113343 0.069775
6 0.543279 0.211310 0.091022 0.067460
6 0.395585 0.242229 0.086806 0.060516
8 0.435888 0.225694 0.096974 0.079696
10 0.479787 0.218089 0.110367 0.073082