2 0.586062 0.128638 0.083333 0.083995
2 0.673363 0.723876 0.086806 0.089947
0 0.557912 0.345073 0.065228 0.053902
0 0.518477 0.530754 0.067708 0.058862
0 0.618800 0.805886 0.071925 0.076720
0 0.494792 0.729993 0.065476 0.057209
0 0.452505 0.299934 0.064236 0.048280
6 0.607515 0.312831 0.096974 0.076720
4 0.602927 0.221065 0.094742 0.076389
5 0.448537 0.387070 0.085565 0.041997
1 0.327381 0.435185 0.059524 0.044974
1 0.315600 0.293320 0.063244 0.043651
1 0.285714 0.375992 0.075397 0.049603
4 0.415427 0.478836 0.086806 0.056878
6 0.647569 0.604993 0.100198 0.069114
8 0.467758 0.624669 0.106151 0.075397
1 0.411334 0.818618 0.067708 0.063161
11 0.369048 0.738922 0.116071 0.078373
3 0.324033 0.818452 0.077629 0.060185
7 0.296379 0.663690 0.094742 0.050926
7 0.373140 0.580357 0.096974 0.049603