0 0.684772 0.264550 0.068948 0.055556
0 0.629464 0.272321 0.066468 0.052579
0 0.581101 0.285714 0.057540 0.055556
0 0.537078 0.293981 0.064236 0.048280
0 0.495908 0.296131 0.056300 0.046627
0 0.458209 0.312831 0.059772 0.049603
0 0.426587 0.314980 0.053075 0.045304
0 0.395089 0.320271 0.053075 0.040675
2 0.388269 0.260913 0.055308 0.042328
4 0.420387 0.241402 0.067460 0.066138
6 0.445188 0.237599 0.081349 0.058532
8 0.481895 0.218089 0.095734 0.079696
10 0.517361 0.215774 0.110615 0.069114
6 0.570809 0.202216 0.093502 0.063161
4 0.624380 0.183532 0.072173 0.076720
2 0.688616 0.169974 0.081101 0.073413
1 0.382068 0.628472 0.054315 0.040675
1 0.414683 0.636243 0.054563 0.032407
1 0.445064 0.650794 0.054812 0.033730
1 0.485243 0.655258 0.054315 0.040013
1 0.518105 0.667163 0.062004 0.040675
1 0.564980 0.680721 0.062004 0.046627
1 0.615327 0.688823 0.059524 0.048280
1 0.675099 0.705192 0.065972 0.053241
3 0.666791 0.792989 0.082589 0.067460
3 0.374876 0.694114 0.062252 0.042328
5 0.609127 0.785384 0.076885 0.071429
5 0.404390 0.710979 0.069196 0.054894
7 0.551587 0.764054 0.087798 0.056548
7 0.431176 0.717758 0.084573 0.042659
9 0.459077 0.734954 0.095238 0.057870
11 0.496528 0.743221 0.109127 0.056548