3 0.225942 0.143849 0.087302 0.079365
3 0.225446 0.781085 0.088294 0.079365
1 0.285714 0.789021 0.066964 0.066138
1 0.288938 0.690476 0.073413 0.056217
1 0.284102 0.595734 0.065724 0.053241
1 0.285218 0.507275 0.072421 0.057540
1 0.287822 0.420304 0.071181 0.050265
1 0.283110 0.321098 0.065724 0.050265
1 0.290675 0.235450 0.067956 0.060185
1 0.290055 0.133102 0.071181 0.069114
5 0.216270 0.236111 0.100198 0.058862
5 0.213542 0.681217 0.099206 0.051587
7 0.207589 0.597057 0.100198 0.064484
7 0.214038 0.333168 0.106647 0.060516
11 0.204365 0.502811 0.124008 0.063161
9 0.200025 0.415179 0.113343 0.071759
0 0.641121 0.094907 0.057044 0.084656
0 0.635169 0.202877 0.056052 0.073743
0 0.630952 0.310185 0.049603 0.060185
0 0.636285 0.421627 0.051835 0.058862
0 0.630952 0.522983 0.056052 0.060516
0 0.627604 0.629299 0.051835 0.066138
0 0.630828 0.734292 0.051835 0.080357
0 0.628720 0.837798 0.056052 0.080357
2 0.708953 0.073413 0.065724 0.107804
2 0.707341 0.860946 0.062500 0.109458
4 0.711682 0.195767 0.075645 0.093915
4 0.704241 0.740079 0.071181 0.091931
6 0.713418 0.295966 0.059276 0.083333
6 0.708457 0.638724 0.058284 0.076389
8 0.713914 0.424438 0.066716 0.079034
10 0.704117 0.526620 0.075397 0.076389