1 0.410342 0.692626 0.054812 0.040013
1 0.414559 0.616567 0.052827 0.037368
1 0.409722 0.545966 0.056052 0.034392
1 0.411954 0.479167 0.056052 0.035714
1 0.414683 0.414352 0.057044 0.033069
1 0.411954 0.343254 0.051587 0.034392
1 0.416295 0.275794 0.053819 0.042989
1 0.414683 0.205192 0.061508 0.043320
3 0.375248 0.212467 0.066964 0.051918
3 0.373636 0.685516 0.063740 0.042989
5 0.364459 0.612103 0.071181 0.042989
5 0.359127 0.277778 0.062500 0.033069
7 0.364583 0.350529 0.079861 0.042989
7 0.360119 0.551753 0.075397 0.037368
8 0.354787 0.410053 0.090526 0.041667
11 0.355407 0.482804 0.100198 0.034392
0 0.639509 0.744378 0.058284 0.063492
0 0.639013 0.658896 0.052827 0.044643
0 0.638393 0.576224 0.056052 0.048611
0 0.640005 0.486442 0.061260 0.041667
0 0.633557 0.410218 0.035466 0.053241
0 0.640625 0.316634 0.056052 0.044643
0 0.642609 0.231812 0.062500 0.047619
0 0.645461 0.141038 0.063740 0.053241
2 0.696057 0.123016 0.076637 0.080688
2 0.694568 0.767526 0.077629 0.074735
4 0.688616 0.665344 0.083085 0.060185
4 0.697669 0.219577 0.086310 0.060185
6 0.690600 0.305225 0.083085 0.067460
6 0.688492 0.587798 0.085317 0.054563
8 0.690600 0.406415 0.095982 0.057540
10 0.678199 0.496362 0.107887 0.056217