2 0.645833 0.144511 0.081349 0.082672
2 0.347098 0.256448 0.067708 0.047950
6 0.564608 0.176753 0.096974 0.072421
4 0.382688 0.226190 0.077877 0.066138
6 0.414187 0.224868 0.091270 0.060185
0 0.430556 0.304563 0.061012 0.048280
0 0.700521 0.236938 0.068700 0.063161
0 0.646329 0.439153 0.066468 0.055556
0 0.519593 0.377315 0.062996 0.055556
10 0.401786 0.374504 0.118552 0.052579
8 0.555184 0.437500 0.104911 0.064815
5 0.426091 0.445767 0.074405 0.054233
4 0.471230 0.520999 0.074405 0.057209
1 0.390005 0.523975 0.063244 0.036045
1 0.349950 0.662864 0.062004 0.046627
1 0.430556 0.681878 0.061012 0.044974
1 0.471602 0.591601 0.064236 0.044974
1 0.711806 0.618717 0.064484 0.060185
1 0.519097 0.697421 0.070933 0.049603
7 0.519097 0.608962 0.091270 0.052579
11 0.618180 0.632937 0.118304 0.064815
3 0.703869 0.825397 0.086806 0.088624
3 0.380828 0.738095 0.072173 0.055556
7 0.564608 0.800595 0.092510 0.072090