1 0.293527 0.393188 0.052827 0.029762
1 0.431672 0.191799 0.056300 0.050926
1 0.537078 0.231481 0.055308 0.049603
1 0.502604 0.391700 0.051835 0.039352
1 0.733259 0.353505 0.059772 0.049603
1 0.584449 0.699074 0.055308 0.058862
7 0.295883 0.544974 0.070933 0.039021
7 0.408606 0.560847 0.080109 0.049603
3 0.430556 0.709656 0.067460 0.064815
3 0.652654 0.430060 0.065228 0.052579
0 0.710689 0.256448 0.052827 0.051257
0 0.592882 0.208333 0.054315 0.054233
0 0.759797 0.695437 0.056300 0.060185
0 0.512277 0.622354 0.050843 0.049603
11 0.552827 0.628307 0.095734 0.082672
2 0.744544 0.604993 0.070933 0.063161
2 0.639013 0.103175 0.072173 0.072090
6 0.422123 0.265377 0.082341 0.053902
5 0.585565 0.290179 0.073413 0.052579
4 0.651414 0.368386 0.076637 0.052910
4 0.542659 0.379630 0.075397 0.050926
6 0.736111 0.422454 0.069940 0.061839
8 0.609251 0.526951 0.080109 0.063161
10 0.534350 0.454034 0.096974 0.067460