0 0.724702 0.269841 0.045139 0.066138
0 0.653150 0.668981 0.048363 0.067460
0 0.375868 0.289517 0.052827 0.051257
0 0.311012 0.456349 0.056548 0.054233
1 0.723586 0.553241 0.042907 0.061508
3 0.729787 0.868882 0.050843 0.103505
7 0.575893 0.861442 0.054067 0.097884
1 0.431672 0.632937 0.054315 0.055556
1 0.242808 0.721561 0.062004 0.055556
1 0.309400 0.547288 0.059772 0.055556
5 0.371404 0.458499 0.064236 0.073743
1 0.448537 0.275132 0.051835 0.061508
6 0.503224 0.266204 0.068948 0.076720
2 0.649182 0.275298 0.051835 0.079696
2 0.249628 0.366898 0.075645 0.058532
4 0.447421 0.370701 0.054067 0.078042
3 0.498760 0.387235 0.062004 0.066138
8 0.564732 0.463955 0.065476 0.066138
10 0.490823 0.562335 0.079861 0.070437
4 0.434400 0.555390 0.059772 0.069114
6 0.293651 0.746362 0.086806 0.083995