3 0.283606 0.190642 0.077629 0.066468
3 0.285838 0.762401 0.077629 0.061839
1 0.337054 0.763889 0.061508 0.056217
1 0.339658 0.676918 0.064732 0.048942
1 0.337550 0.592097 0.058036 0.045966
1 0.335441 0.511574 0.064732 0.051587
1 0.336434 0.432540 0.064732 0.048942
1 0.333705 0.346892 0.065724 0.047619
1 0.338046 0.269841 0.067956 0.057540
1 0.338046 0.179894 0.067956 0.059524
5 0.273438 0.668981 0.085069 0.056217
5 0.274926 0.271329 0.090526 0.054563
7 0.273934 0.357639 0.094990 0.048611
7 0.270089 0.597057 0.087302 0.044643
11 0.265253 0.515046 0.116319 0.044643
9 0.264137 0.427414 0.105655 0.047288
0 0.641617 0.815642 0.054067 0.079034
0 0.640005 0.715608 0.054812 0.060185
0 0.637277 0.620205 0.053819 0.061839
0 0.636285 0.520172 0.053819 0.060185
0 0.638393 0.423776 0.049603 0.054563
0 0.633061 0.328208 0.058284 0.061839
0 0.637401 0.224041 0.056052 0.069114
0 0.641617 0.125165 0.062500 0.070437
2 0.703621 0.102183 0.072421 0.099206
2 0.710689 0.837798 0.066716 0.094907
4 0.705729 0.720734 0.070188 0.076389
4 0.707837 0.214616 0.080853 0.082011
6 0.706845 0.309524 0.067956 0.082011
6 0.705233 0.627315 0.071181 0.064815
10 0.697669 0.523148 0.088294 0.074735
8 0.707341 0.425265 0.081845 0.074735