0 0.679067 0.257110 0.070933 0.061839
0 0.634053 0.455688 0.071181 0.055556
0 0.524678 0.393188 0.064236 0.044974
0 0.453125 0.333003 0.058532 0.044974
2 0.629588 0.178902 0.084573 0.070767
2 0.382068 0.289517 0.065228 0.041997
4 0.411954 0.262401 0.070933 0.051257
6 0.436756 0.260913 0.091270 0.050926
6 0.560268 0.206845 0.103671 0.063161
10 0.424355 0.399140 0.111607 0.050926
8 0.547123 0.455522 0.111607 0.058532
5 0.445809 0.460813 0.073165 0.053902
4 0.484127 0.535218 0.077877 0.052579
1 0.417659 0.534557 0.057540 0.030093
1 0.484623 0.599041 0.058532 0.041997
1 0.688740 0.630622 0.069940 0.060185
11 0.599082 0.643519 0.118304 0.061508
7 0.523065 0.614914 0.094742 0.046627
1 0.388269 0.665179 0.057292 0.041997
1 0.449653 0.684854 0.062996 0.039021
1 0.525794 0.695271 0.068948 0.045304
3 0.411954 0.738922 0.073413 0.051257
3 0.683656 0.829200 0.089038 0.075066
7 0.562500 0.801257 0.094742 0.061508