0 0.669519 0.241402 0.060764 0.078042
0 0.576513 0.696098 0.068700 0.070767
0 0.310516 0.276620 0.075397 0.064484
0 0.241691 0.451720 0.048363 0.060185
1 0.663318 0.566138 0.059772 0.066138
1 0.378100 0.258598 0.068700 0.055556
1 0.251860 0.544974 0.073165 0.050926
1 0.193204 0.718585 0.073413 0.064815
1 0.361235 0.644180 0.071181 0.056878
6 0.421627 0.245040 0.099206 0.082672
2 0.577753 0.249669 0.084573 0.091931
2 0.196677 0.360780 0.086806 0.055556
4 0.370784 0.360780 0.078869 0.076720
3 0.422619 0.382771 0.083333 0.069114
8 0.484127 0.463790 0.102679 0.075066
5 0.302579 0.458664 0.089286 0.061508
4 0.362971 0.565972 0.081101 0.081019
10 0.404018 0.566799 0.123016 0.070767
3 0.660590 0.928902 0.076637 0.115741
7 0.490327 0.899140 0.094742 0.115741
6 0.231027 0.747851 0.110367 0.081019