2 0.565848 0.216601 0.081101 0.058862
2 0.687004 0.812500 0.089286 0.078042
0 0.537078 0.256283 0.066716 0.039021
4 0.583333 0.295470 0.091270 0.059854
6 0.588914 0.370536 0.100446 0.063161
0 0.560144 0.405919 0.067708 0.037368
8 0.605283 0.453373 0.112847 0.066138
0 0.536458 0.493882 0.062996 0.041997
0 0.590030 0.560681 0.073413 0.052579
6 0.641865 0.623843 0.102679 0.064484
0 0.637401 0.808862 0.064484 0.064815
0 0.605283 0.651620 0.060764 0.036045
0 0.481275 0.386409 0.063244 0.034722
10 0.498760 0.426918 0.129464 0.049603
5 0.477927 0.456184 0.087798 0.036045
5 0.401786 0.372189 0.075397 0.036045
1 0.378100 0.399306 0.059772 0.036045
1 0.391617 0.514220 0.055060 0.043651
4 0.456473 0.542824 0.076637 0.052579
3 0.359003 0.471230 0.064236 0.039021
3 0.356027 0.595238 0.101438 0.049603
11 0.398810 0.720569 0.109127 0.058862
7 0.431796 0.643022 0.085317 0.052579
1 0.489087 0.678075 0.062004 0.046627
0 0.535590 0.762897 0.065228 0.056878
1 0.497148 0.757771 0.061260 0.050595
1 0.478175 0.852183 0.060516 0.053571
3 0.410466 0.864583 0.065972 0.059854