1 0.551587 0.228175 0.065972 0.057540
1 0.499256 0.254795 0.060516 0.047288
1 0.457217 0.265046 0.064732 0.053241
1 0.415179 0.295139 0.064484 0.044643
1 0.376364 0.308036 0.060268 0.036045
1 0.343006 0.324570 0.062500 0.037368
1 0.308408 0.346065 0.060268 0.037368
1 0.275546 0.361111 0.055060 0.033069
3 0.538070 0.141204 0.077629 0.070767
3 0.272321 0.295139 0.067956 0.050595
5 0.298735 0.268519 0.073165 0.054894
5 0.490203 0.154101 0.083085 0.076720
7 0.436260 0.192130 0.093750 0.060847
7 0.323289 0.254630 0.090030 0.046296
11 0.347842 0.238426 0.114831 0.052249
9 0.390997 0.206515 0.107887 0.067130
0 0.582217 0.658896 0.064732 0.050595
0 0.530630 0.660218 0.064732 0.053241
0 0.478795 0.661706 0.062748 0.047619
0 0.435640 0.670304 0.058284 0.041667
0 0.395833 0.676091 0.056052 0.030093
0 0.345114 0.679729 0.032490 0.034722
0 0.314360 0.684028 0.031498 0.028770
0 0.285218 0.683201 0.035714 0.024471
2 0.585441 0.737930 0.077629 0.064484
2 0.276042 0.754464 0.025794 0.034722
4 0.517609 0.754464 0.056052 0.063161