0 0.566964 0.060185 0.049603 0.055556
0 0.477307 0.351852 0.057292 0.043651
0 0.751240 0.324901 0.062004 0.058532
0 0.669519 0.696925 0.065228 0.057209
4 0.519097 0.415675 0.070933 0.060185
1 0.528646 0.333829 0.058780 0.043320
6 0.559648 0.327050 0.084573 0.060185
2 0.678447 0.327050 0.076637 0.066138
2 0.394965 0.411872 0.068700 0.046627
5 0.466022 0.488757 0.068948 0.049603
3 0.557912 0.430060 0.072173 0.058532
8 0.594618 0.501323 0.097966 0.060185
11 0.659350 0.600694 0.096974 0.069114
1 0.742808 0.594577 0.058532 0.060185
1 0.506076 0.635913 0.063244 0.043651
1 0.383185 0.685516 0.056548 0.037698
1 0.428943 0.555556 0.059772 0.042328
6 0.405754 0.711144 0.085813 0.052579
10 0.534722 0.583333 0.107143 0.067460
7 0.591766 0.857639 0.087798 0.072421
3 0.725322 0.898975 0.084573 0.085648