2 0.670635 0.151951 0.081349 0.076389
2 0.372396 0.293155 0.059772 0.040675
4 0.402282 0.266204 0.069940 0.058862
6 0.428819 0.260086 0.086806 0.052579
6 0.556796 0.202216 0.092262 0.063161
8 0.463790 0.230820 0.100198 0.075397
10 0.422619 0.396164 0.108135 0.048280
0 0.482887 0.383433 0.057540 0.043320
0 0.636285 0.432209 0.064236 0.050926
0 0.677455 0.244378 0.065228 0.056878
0 0.572545 0.282738 0.063244 0.049603
0 0.524678 0.301587 0.064236 0.044974
0 0.446305 0.331515 0.056300 0.045304
0 0.380952 0.346726 0.054067 0.036045
5 0.446305 0.454861 0.069692 0.051257
4 0.486359 0.523975 0.070933 0.053902
1 0.698785 0.593915 0.060764 0.055556
1 0.630084 0.510417 0.060764 0.045304
1 0.573165 0.509590 0.057540 0.043651
1 0.419271 0.533730 0.058780 0.037698
5 0.384301 0.587136 0.065228 0.045304
7 0.531498 0.599041 0.086806 0.051257
1 0.488591 0.587963 0.053075 0.043651
3 0.700025 0.782407 0.081101 0.072090
3 0.415923 0.733631 0.065476 0.046627
1 0.389385 0.665344 0.059524 0.039021
1 0.454241 0.675099 0.058780 0.040675
11 0.568576 0.682705 0.109375 0.061839
9 0.477059 0.759755 0.099950 0.069114
7 0.577133 0.771660 0.092262 0.061839