2 0.485739 0.093915 0.088046 0.099206
2 0.577009 0.837302 0.081101 0.103836
0 0.508309 0.829861 0.069692 0.076389
0 0.484127 0.624008 0.062004 0.061508
0 0.364087 0.756944 0.069940 0.062831
0 0.473958 0.526124 0.068948 0.061508
0 0.402282 0.430060 0.069940 0.061839
0 0.451389 0.328704 0.068948 0.066138
0 0.433904 0.133102 0.072173 0.078373
4 0.501488 0.201554 0.090278 0.091601
6 0.510045 0.296958 0.089038 0.093254
0 0.323413 0.266865 0.065476 0.048280
10 0.361855 0.327877 0.124008 0.091601
4 0.269841 0.469907 0.102679 0.060185
5 0.319940 0.366071 0.099206 0.060185
5 0.203993 0.233135 0.105903 0.058862
1 0.263765 0.298446 0.072173 0.057209
1 0.153770 0.251157 0.077877 0.061839
1 0.162822 0.417989 0.075645 0.052910
1 0.227679 0.483300 0.069940 0.047950
1 0.300347 0.646329 0.068948 0.052579
1 0.303695 0.751653 0.075645 0.061508
1 0.255208 0.859954 0.077877 0.073743
1 0.176215 0.579365 0.079613 0.041005
7 0.216394 0.593419 0.109375 0.055886
3 0.109003 0.348049 0.091518 0.061177
9 0.092386 0.514220 0.134177 0.066138
11 0.153026 0.690146 0.139385 0.082672
3 0.141369 0.870040 0.096230 0.085317